1 4833722 814377 205023 0.2517544085847218 
2 5566522 946714 221059 0.23350135310135903 
3 5566522 946714 221059 0.23350135310135903 
4 14126625 2121611 508636 0.239740461375813 
5 17069988 2635340 640721 0.24312650360105337 
6 65870957 9284132 2106004 0.22683908414916978 
7 65870957 9284132 2106004 0.22683908414916978 
8 70997725 10156143 2242008 0.22075388265013599 
9 74742126 10749460 2319866 0.21581232917746565 
10 75612899 10884477 2344367 0.21538627901000665 
11 75612899 10884477 2344367 0.21538627901000665 
12 94912308 13801352 3014767 0.21843997602553722 
13 104904333 15619141 3459161 0.22146934969086968 
14 104904333 15619141 3459161 0.22146934969086968 
15 104904333 15619141 3459161 0.22146934969086968 
16 106505681 15931064 3515186 0.22064979464020734 
17 124207192 18154911 3942361 0.21715121599880055 
18 130768454 19317604 4168195 0.2157718420980159 
19 133855330 19846305 4245772 0.2139326186914894 
20 136740530 20368408 4329897 0.2125790587069937 
21 141127644 21104565 4500319 0.21323912622695612 
22 145690910 21897045 4710184 0.2151059195430251 
23 147047151 22092921 4741312 0.2146077469792247 
24 152902444 23060745 4859466 0.21072458847274883 
25 159994107 24086481 5012583 0.20810773479114694 
26 169886880 25758360 5364228 0.208251922870866 
27 175301559 26688919 5483522 0.2054606258125329 
28 178283272 27226297 5653545 0.2076501626350436 
29 184325574 28246825 5856696 0.2073399753777637 
30 186236764 28409347 5887340 0.2072324999233527 
31 188099963 28742415 5936302 0.20653455876967888 
32 190836019 29217424 6034217 0.2065280293019672 
33 192307342 29422790 6053925 0.20575632018581513 
34 202851438 30910451 6276751 0.20306242053860682 
35 204892163 31272421 6378681 0.20397144819711913 
36 224786115 34337425 7044815 0.2051643359978216 
37 234479797 35984371 7424696 0.2063311319239122 
38 235202838 36098243 7437377 0.20603155117549626 
39 246765727 38056272 7835921 0.2059035367415915 
40 250614508 38738355 7980694 0.20601530447020788 
41 254545842 39365926 8098714 0.2057290358164063 
42 267296076 41361761 8440617 0.20406812466229377 
43 267296076 41361761 8440617 0.20406812466229377 
44 268312763 41513335 8471390 0.20406430849268073 
45 273079614 42296917 8665037 0.20486214160715308 
46 273892580 42439791 8689126 0.20474007518086035 
47 280667055 43531287 8949115 0.2055789207426833 
48 307118400 48632242 10147398 0.20865577202877053 
49 309715041 49192557 10225230 0.2078613234111819 
50 310654507 49284668 10237211 0.20771593713485095 
51 318881764 50632137 10426539 0.20592729475352778 
52 318881764 50632137 10426539 0.20592729475352778 
53 325829568 51779235 10622522 0.20515023058954038 
54 327667102 52056092 10686389 0.20528604029668612 
55 333620315 53018833 10843605 0.20452364539973938 
56 334165253 53114008 10854763 0.20436723585235744 
